102
111111111111111111111111111111111111111111111111111111111111111111111
100003100000000000000000000000000000000001000000000000000000000000001
100000100000111100000000000000000000000001000000000000000000000000001
100000144444444000000000000000000000000001000000000000000000000000001
100000144444444000000000000000000000000001000000000000000000000000001
100000144444444000000110000000000000000001000000000000000000000000001
100000100000000000000110000000000000000001000000000000000000000000001
100000100000000000000000000000000000000001000000000000000000000000001
100000100000000000000000000000000000000001000000000000000000000000001
100000111111111000000111100000000000000001000000000000000000000000001
100000000000000000000100100000000000000001000000000000000000000000001
100000000000000000000100100000000000000001000000000000000000000000001
111111111111111000000111104444444444444441000000000000000000000000001
100000000000001000000000004444444444444441000000000000000000000000001
100000000000001000000000004444444444444441000000000000000000000000001
100100000100001000000000004444444444444441000000000000000000000000001
100000000000001000000111111111111111111111100000000000000000000000001
100000000000001000000000000000000000000000000000000000000000000000001
100000100000001000000000000000000000000000000000000000000000000000001
100000000000001444444100000000011000000000000000000000000000000000001
100000000000001444444100000000011000000000000000000000000000000000001
100000000100001444444100000000000000000001100000000000000000000000001
100000000000000000000130000000000000000001100000000000000000000000001
100000000000000000000100000000011000000000000000000000000000000000001
111111111111111000000100000000011000000000000000000000000000000000001
100000000000000000000100000000000000000000000000000000000000000000001
100000000000000000000100000000000000000000011000000000000000000000001
100000000000000000000100000000000000000000011000000000000000000000001
100000000000000000000000000000000000000000011000000000000000000000001
100000000000000000000000000000000000000000011000000000000000000000001
111111111111111111111111111111111111100100000000000000000000000000001
100000000000000000000000000000000000000100000000000000000000000000001
100000000000000000000000000000000000000100000000000000000000000000001
100000001111111111111111111111111111111100000000000000000000000000001
100000000000000000000000000000000000000000000000000000000000000000001
100000000000000000000000000000000000000000000000000000000000000000001
111111111111111111111111111111111111111111111111111111111111111111111
